0 1 12
2 1 9
5 1 6
5 10 15
6 3 20
6 1 17
7 1 16
12 1 3
15 8 7
19 1 6
20 1 12
21 1 8
21 1 7
21 1 6
22 1 4
24 1 2
25 1 12
26 2 5
27 1 12
28 1 6
31 1 19
32 1 7
34 17 6
35 1 14
36 1 12
38 1 6
39 1 4
46 1 18
48 20 19
52 1 19
54 1 3
55 2 19
57 1 12
57 3 12
58 1 3
59 1 19
62 3 12
68 5 6
68 1 18
69 1 12
70 1 12
72 13 19
76 18 11
80 1 19
80 1 19
85 1 19
88 14 9
90 16 13
91 5 19
92 1 18
95 3 6
99 8 6
100 1 13
102 1 8
102 14 12
106 1 3
111 20 12
117 1 13
118 3 7
119 1 12
119 7 12
121 1 6
122 1 4
123 1 9
125 1 19
125 1 5
125 1 17
126 1 12
130 4 19
131 1 12
132 1 9
132 1 12
133 1 13
140 2 1
141 4 14
146 8 7
146 1 17
152 1 6
156 1 19
158 1 6
163 1 19
165 1 19
165 1 19
168 8 19
171 1 19
171 1 20
172 1 12
177 1 2
181 1 19
182 3 19
184 5 7
187 7 13
189 16 19
190 1 6
190 16 6
192 11 12
193 1 19
194 1 4
194 1 6
196 1 12
197 15 17
199 1 6
199 1 8
200 10 9
200 1 19
203 1 20
205 1 6
207 1 9
207 1 11
209 9 19
214 1 6
215 6 16
217 1 14
217 1 19
219 6 12
219 1 6
223 1 10
225 1 15
225 8 17
226 3 6
229 1 6
230 1 19
235 1 19
238 2 20
238 19 16
240 1 12
240 1 9
246 1 20
248 1 9
248 13 2
257 12 19
258 1 3
261 11 19
263 1 13
264 1 2
265 1 6
269 12 18
274 1 6
275 1 5
283 3 7
285 3 19
286 1 6
286 1 19
291 1 14
292 10 6
292 1 6
294 19 13
294 1 15
295 2 19
297 1 4
