51 15 9
51 10 13
55 3 4
56 12 3
65 13 6
69 13 18
76 9 19
81 19 2
86 15 16
100 9 7
104 8 16
124 5 8
126 8 13
127 18 10
131 10 4
137 8 19
144 9 10
145 8 1
150 16 13
151 17 1
165 15 3
168 13 18
170 16 18
178 5 14
185 8 4
194 1 3
208 12 19
211 4 8
213 9 8
214 11 16
219 2 3
228 3 10
240 8 20
240 6 10
246 8 16
250 7 1
257 7 20
259 1 16
262 1 8
263 11 4
265 10 6
272 19 7
281 9 14
284 7 1
291 1 8
311 3 13
313 1 3
326 19 1
332 11 3
336 6 1
342 8 17
344 8 1
354 3 20
362 17 15
365 15 1
375 16 14
375 14 10
391 20 5
400 4 1
404 8 7
413 11 8
424 10 19
427 12 9
433 13 3
449 15 17
452 3 20
452 16 19
453 10 4
458 16 6
462 2 16
464 15 5
468 19 20
472 16 11
498 17 18
503 12 11
514 7 20
527 19 6
530 15 7
534 19 14
540 1 3
545 17 12
545 19 8
552 2 12
557 4 20
557 11 8
566 4 11
571 4 5
577 9 11
581 15 6
586 4 9
590 9 15
591 7 1
591 15 6
593 9 5
601 4 15
613 19 13
614 3 5
615 16 10
619 20 7
621 16 13
622 6 4
638 20 14
639 16 10
645 5 20
661 20 12
664 16 4
674 12 4
678 2 6
688 10 14
693 10 12
701 11 17
706 18 20
708 4 11
708 9 17
746 14 4
755 1 6
756 13 1
762 20 2
766 18 9
777 6 19
782 20 3
784 17 19
786 1 7
786 17 11
790 12 3
794 2 17
795 8 15
800 2 10
804 8 4
814 16 11
827 12 7
832 4 18
843 15 17
846 18 17
848 7 5
850 14 10
853 9 8
858 13 15
858 10 9
862 2 17
871 17 20
873 14 8
874 10 17
879 6 16
881 20 11
882 20 11
883 17 19
884 4 14
888 4 3
894 20 8
