0 12 1
0 19 1
0 12 1
2 19 1
3 6 1
4 6 1
4 16 1
14 6 1
16 6 1
19 19 16
21 19 1
24 1 14
25 12 1
26 19 1
31 19 1
33 19 4
35 10 19
36 8 1
41 12 1
43 12 1
45 20 7
45 12 1
49 19 1
53 12 16
53 12 16
54 19 15
54 9 1
59 3 1
60 6 5
62 19 1
62 19 1
64 6 14
64 17 1
64 7 1
65 12 1
67 9 1
67 16 1
71 6 1
74 13 3
76 7 14
77 6 1
79 20 9
80 19 14
80 19 1
82 19 1
85 17 1
88 12 1
89 3 1
90 7 4
92 12 1
92 19 1
93 12 16
97 17 18
100 6 2
100 19 1
104 12 1
106 9 1
111 19 8
112 19 1
115 19 1
116 17 11
116 13 1
119 18 1
121 3 1
121 17 1
122 2 1
124 12 1
124 2 1
130 12 8
130 14 10
132 12 1
134 12 1
135 12 1
135 12 6
137 19 6
137 12 1
139 19 1
140 19 1
141 6 3
142 6 16
142 19 11
143 12 1
144 7 1
145 19 1
145 20 1
149 2 1
152 9 1
155 19 17
159 6 1
160 19 17
163 12 1
165 18 13
167 12 1
167 6 1
169 19 17
173 12 20
174 6 11
175 6 20
178 6 2
181 8 1
181 12 3
184 6 1
193 19 1
195 11 1
198 19 1
200 6 1
202 3 4
203 12 1
204 12 1
208 17 1
210 6 12
213 20 11
215 6 15
218 12 1
218 20 1
225 13 1
227 4 1
228 12 1
230 19 1
231 3 1
235 20 1
236 11 1
237 7 1
245 6 1
245 6 10
246 10 1
250 12 17
253 19 1
253 9 19
254 10 18
257 6 5
258 19 16
264 6 16
265 3 1
265 12 1
269 19 17
272 13 1
273 20 1
278 4 1
280 19 1
282 11 13
285 19 1
287 17 1
287 19 1
289 15 1
290 17 1
295 12 1
295 6 1
297 10 1
298 19 12
